#[1]Boro [2]CTCode [3]Desert [4]Swamp [5]No.Bodegas [6]No.People
Bronx 2003800 6.52299e+01 7.47127e-01 1.30000e+01 1.13500e+03 
Bronx 2004001 8.37694e+01 9.07058e-01 1.70000e+01 1.57000e+03 
Bronx 2004400 2.86118e+02 1.65939e+00 2.60000e+01 4.48300e+03 
Bronx 2004800 2.97003e+02 2.14325e+00 3.30000e+01 4.57300e+03 
Bronx 2006800 2.02809e+02 2.67372e+00 3.40000e+01 2.57900e+03 
Bronx 2007000 2.26598e+02 1.81347e+00 3.15000e+01 3.93600e+03 
Bronx 2012101 2.39440e+02 2.49343e+00 3.50000e+01 3.36100e+03 
Bronx 2012500 1.60833e+02 2.19359e+00 4.85000e+01 3.55600e+03 
Bronx 2016200 2.44001e+02 5.46952e-01 3.60000e+00 1.60600e+03 
Bronx 2016600 1.99370e+02 2.15210e-01 2.50000e+00 2.31600e+03 
Bronx 2017500 4.56333e+02 3.62342e+00 5.00000e+01 6.29700e+03 
Bronx 2017902 1.83020e+02 2.67087e+00 6.10000e+01 4.18000e+03 
Bronx 2020601 1.37911e+02 1.63209e+00 2.60000e+01 2.19700e+03 
Bronx 2022102 4.75550e+02 5.10658e+00 6.40000e+01 5.96000e+03 
Bronx 2022300 6.78520e+02 6.56553e+00 5.35000e+01 5.52900e+03 
Bronx 2023200 1.25142e+02 9.40775e-01 1.66667e+01 2.21700e+03 
Bronx 2024600 7.66937e+01 9.74404e-01 2.40000e+01 1.88900e+03 
Bronx 2025400 1.30081e+02 9.50983e-01 1.40000e+01 1.91500e+03 
Bronx 2028700 3.84965e+02 1.81041e+00 1.66667e+01 3.54400e+03 
Bronx 2030100 1.45186e+02 0.00000e+00 0.00000e+00 1.67200e+03 
Bronx 2031200 1.00218e+02 2.49442e-01 4.33333e+00 1.74100e+03 
Bronx 2031400 1.09227e+02 2.02273e-01 4.00000e+00 2.16000e+03 
Bronx 2033000 2.60550e+02 1.36733e+00 2.76667e+01 5.27200e+03 
Bronx 2036502 1.30656e+02 1.88355e+00 3.95000e+01 2.74000e+03 
Bronx 2036800 4.30376e+02 1.89698e+00 1.06667e+01 2.42000e+03 
Bronx 2039400 3.12587e+02 1.17428e+00 2.05000e+01 5.45700e+03 
Bronx 2039600 4.09830e+02 2.17642e+00 2.36000e+01 4.44400e+03 
Bronx 2039800 3.00783e+02 9.14672e-01 1.42500e+01 4.68600e+03 
Bronx 2040303 2.29944e+02 1.62152e+00 2.60000e+01 3.68700e+03 
Bronx 2040304 1.97312e+02 2.03480e+00 3.20000e+01 3.10300e+03 
Bronx 2040400 3.31207e+02 1.21379e+00 1.22000e+01 3.32900e+03 
Bronx 2040501 2.39067e+02 2.38038e+00 3.70000e+01 3.71600e+03 
Bronx 2040502 4.52809e+02 2.10083e+00 3.46667e+01 7.47200e+03 
Bronx 2040600 2.28520e+02 1.54642e+00 2.56000e+01 3.78300e+03 
Bronx 2040701 2.99495e+02 2.30073e+00 2.30000e+01 2.99400e+03 
Bronx 2042200 2.18866e+02 1.69204e+00 2.00000e+01 2.58700e+03 
Bronx 2042300 2.35616e+02 1.97185e+00 3.33333e+01 3.98300e+03 
Bronx 2042400 2.55185e+02 1.01107e+00 1.02500e+01 2.58700e+03 
Bronx 2042800 2.87365e+02 9.84126e-01 7.00000e+00 2.04400e+03 
Bronx 2042902 3.03352e+02 1.96409e+00 2.45000e+01 3.78400e+03 
Bronx 2043000 4.07623e+02 1.68715e+00 1.43333e+01 3.46300e+03 
Bronx 2043400 5.66950e+02 2.41770e+00 1.60000e+01 3.75200e+03 
Bronx 2043600 3.97729e+02 2.94760e+00 1.50000e+01 2.02400e+03 
Bronx 2036901 2.02667e+02 3.78148e+00 3.70000e+01 1.98300e+03 
Bronx 2036902 3.01387e+02 3.77258e+00 2.70000e+01 2.15700e+03 
Bronx 2040302 3.40329e+02 2.02223e+00 3.40000e+01 5.72200e+03 
Bronx 2026702 7.33696e+02 1.75766e+00 2.10000e+01 8.76600e+03 
Bronx 2023302 3.95800e+03 0.00000e+00 0.00000e+00 3.95800e+03 
Bronx 2032800 2.64440e+02 1.74059e+00 2.70000e+01 4.10200e+03 
Bronx 2015800 5.03950e+02 1.08251e+00 3.25000e+00 1.51300e+03 
Bronx 2015200 3.46444e+02 4.49227e-01 3.12500e+00 2.41000e+03 
Bronx 2022403 1.30381e+02 9.57939e-01 1.90000e+01 2.58600e+03 
Bronx 2044800 3.45776e+02 4.95736e-01 3.33333e+00 2.32500e+03 
Bronx 2034400 2.45522e+02 1.35710e+00 1.20000e+01 2.17100e+03 
Bronx 2022404 2.25001e+02 9.27076e-01 2.00000e+01 4.85400e+03 
Bronx 2033201 5.18641e+02 2.20736e+00 2.50000e+01 5.87400e+03 
Bronx 2021100 3.41633e+02 2.18170e+00 4.06667e+01 6.36800e+03 
Bronx 2022800 2.60296e+02 7.11416e-01 1.73333e+01 6.34200e+03 
Bronx 2027300 4.14681e+02 1.19890e+00 2.17500e+01 7.52300e+03 
Bronx 2042000 4.92361e+02 1.83059e+00 1.83333e+01 4.93100e+03 
Bronx 2040800 6.14692e+02 2.86612e+00 2.35000e+01 5.04000e+03 
Bronx 2026701 3.49093e+02 1.96120e+00 2.00000e+01 3.56000e+03 
Bronx 2024400 1.02821e+02 5.51851e-01 1.25000e+01 2.32900e+03 
Bronx 2022703 1.04729e+02 2.99677e+00 5.70000e+01 1.99200e+03 
Bronx 2022702 1.42500e+03 0.00000e+00 0.00000e+00 1.42500e+03 
Bronx 2009800 2.62280e+02 5.78090e-01 1.03636e+01 4.70200e+03 
Bronx 2030000 7.51787e+02 1.01333e+00 9.50000e+00 7.04800e+03 
Bronx 2007500 6.63358e+02 4.04855e+00 4.02500e+01 6.59500e+03 
Bronx 2007300 5.95574e+02 4.37922e+00 3.20000e+01 4.35200e+03 
Bronx 2026500 3.29204e+02 1.53689e+00 3.22500e+01 6.90800e+03 
Bronx 2038200 2.72693e+02 1.15279e+00 1.33333e+01 3.15400e+03 
Bronx 2014300 1.13091e+02 2.69408e+00 4.45000e+01 1.86800e+03 
Bronx 2014500 5.30351e+02 4.25120e+00 5.13333e+01 6.40400e+03 
Bronx 2021002 4.02572e+02 8.52580e-01 1.88000e+01 8.87700e+03 
Bronx 2038800 3.00549e+02 1.35995e+00 1.40000e+01 3.09400e+03 
Bronx 2038600 6.61730e+02 8.51025e-01 1.27500e+01 9.91400e+03 
Bronx 2022901 2.85534e+02 3.06849e+00 5.60000e+01 5.21100e+03 
Bronx 2004600 1.46097e+02 7.13831e-01 9.00000e+00 1.84200e+03 
Bronx 2027402 7.26151e+02 2.21510e-01 1.10000e+00 3.60600e+03 
Bronx 2018500 2.41379e-01 9.79310e+00 4.05714e+01 1.00000e+00 
Bronx 2018400 5.15213e+02 6.46815e-01 5.20000e+00 4.14200e+03 
Bronx 2016400 1.53194e+02 5.21552e-01 3.66667e+00 1.07700e+03 
Bronx 2008400 4.02797e+02 2.34253e-01 2.00000e+00 3.43900e+03 
Bronx 2006700 7.17312e+02 4.38394e+00 3.97500e+01 6.50400e+03 
Bronx 2020501 6.72906e+02 1.64359e+00 1.70000e+01 6.96000e+03 
Bronx 2005400 2.80128e+02 1.85324e+00 3.20000e+01 4.83700e+03 
Bronx 2007400 2.19260e+02 6.01536e-01 8.66667e+00 3.15900e+03 
Bronx 2008600 6.20138e+02 7.32467e-01 4.66667e+00 3.95100e+03 
Bronx 2022101 1.91978e+02 2.78571e+00 5.90000e+01 4.06600e+03 
Bronx 2020100 2.05899e+02 1.64348e+00 2.48000e+01 3.10700e+03 
Bronx 2007800 4.05889e+02 1.24521e+00 1.98000e+01 6.45400e+03 
Bronx 2009200 2.59395e+02 1.07654e+00 2.47143e+01 5.95500e+03 
Bronx 2034300 4.76072e+02 1.72938e+00 7.00000e+00 1.92700e+03 
Bronx 2021501 2.74639e+02 1.81161e+00 2.75000e+01 4.16900e+03 
Bronx 2014400 1.86652e+03 5.28138e-01 1.62500e+00 5.74300e+03 
Bronx 2026601 2.99570e+02 1.45177e+00 1.53333e+01 3.16400e+03 
Bronx 2026602 6.69077e+02 2.41135e+00 1.70000e+01 4.71700e+03 
Bronx 2036700 1.02365e+02 1.65449e+00 3.10000e+01 1.91800e+03 
Bronx 2015900 1.35437e+02 3.04221e+00 5.20000e+01 2.31500e+03 
Bronx 2035900 1.69841e+02 2.30349e+00 3.23333e+01 2.38400e+03 
Bronx 2036100 1.34805e+03 5.51779e+00 2.36667e+01 5.78200e+03 
Bronx 2024800 2.10802e+02 1.04100e+00 1.72000e+01 3.48300e+03 
Bronx 2026100 1.17953e+02 1.16605e+00 2.13333e+01 2.15800e+03 
Bronx 2026300 4.74011e+02 2.08323e+00 3.23333e+01 7.35700e+03 
Bronx 2031600 1.51770e+02 2.26522e-01 3.00000e+00 2.01000e+03 
Bronx 2032400 2.86540e+02 1.43705e+00 1.65000e+01 3.29000e+03 
Bronx 2032600 1.69686e+02 4.64711e-01 1.01111e+01 3.69200e+03 
Bronx 2020502 1.68608e+02 1.39188e+00 2.20000e+01 2.66500e+03 
Bronx 2040702 4.11138e+02 1.48575e+00 2.50000e+01 6.91800e+03 
Bronx 2031800 1.14045e+02 2.95454e-01 6.00000e+00 2.31600e+03 
Bronx 2045800 7.77106e+02 9.73530e-01 6.80000e+00 5.42800e+03 
Bronx 2046000 5.33828e+02 1.10015e+00 6.50000e+00 3.15400e+03 
Bronx 2033800 1.42857e-01 3.85714e+00 2.70000e+01 1.00000e+00 
Bronx 2024502 2.41367e+02 1.70392e+00 2.60000e+01 3.68300e+03 
Bronx 2033600 1.53846e-01 3.76923e+00 2.45000e+01 1.00000e+00 
Bronx 2034800 1.02750e+03 2.07500e+00 1.12222e+01 5.55700e+03 
Bronx 2036400 4.09687e+02 2.12195e+00 1.40000e+01 2.70300e+03 
Bronx 2041400 1.42427e+03 2.57975e+00 1.01667e+01 5.61300e+03 
Bronx 2019900 5.34740e+02 3.30936e+00 4.56667e+01 7.37900e+03 
Bronx 2013000 4.90789e+02 1.36547e+00 3.50000e+00 1.25800e+03 
Bronx 2023704 2.32344e+02 4.22563e+00 6.40000e+01 3.51900e+03 
Bronx 2042100 4.60174e+02 1.24497e+00 1.51667e+01 5.60600e+03 
Bronx 2001600 7.48722e+02 1.33929e+00 1.05556e+01 5.90100e+03 
Bronx 2004200 4.05355e+02 6.44859e-01 1.25455e+01 7.88600e+03 
Bronx 2006400 2.87061e+02 2.26008e+00 3.55000e+01 4.50900e+03 
Bronx 2005001 2.04533e+02 1.54184e+00 2.90000e+01 3.84700e+03 
Bronx 2005002 5.19148e+02 2.43160e+00 3.20000e+01 6.83200e+03 
Bronx 2020900 4.54301e+02 5.14951e+00 5.40000e+01 4.76400e+03 
Bronx 2022500 4.15965e+02 2.56429e+00 5.60000e+01 9.08400e+03 
Bronx 2007200 3.89953e+02 1.27039e+00 2.30000e+01 7.06000e+03 
Bronx 2007600 2.71823e+02 1.89915e+00 3.67500e+01 5.26000e+03 
Bronx 2041100 2.90127e+02 1.32763e+00 1.70000e+01 3.71500e+03 
Bronx 2023100 8.58831e+01 2.06794e+00 4.05000e+01 1.68200e+03 
Bronx 2037900 3.79240e+02 3.08999e+00 5.12500e+01 6.29000e+03 
Bronx 2038100 4.09020e+02 2.71856e+00 5.50000e+01 8.27500e+03 
Bronx 2002000 1.00000e+00 9.42857e+00 9.42857e+00 1.00000e+00 
Bronx 2019300 8.31356e+02 2.75089e+00 2.47143e+01 7.46900e+03 
Bronx 2031900 0.00000e+00 1.80000e+00 1.80000e+00 0.00000e+00 
Bronx 2024501 1.87257e+02 1.48617e+00 3.15000e+01 3.96900e+03 
Bronx 2025700 1.12548e+02 6.27510e-01 9.33333e+00 1.67400e+03 
Bronx 2028400 3.98387e+02 4.54839e+00 5.64000e+00 4.94000e+02 
Bronx 2006000 9.09983e+01 1.28920e+00 1.76667e+01 1.24700e+03 
Bronx 2030900 9.40403e+02 7.43798e-02 3.92857e-01 4.96700e+03 
Bronx 2032300 1.17934e+03 7.70390e-01 3.15385e+00 4.82800e+03 
Bronx 2021800 3.27012e+02 1.64907e+00 2.82500e+01 5.60200e+03 
Bronx 2013200 7.40300e+03 0.00000e+00 0.00000e+00 7.40300e+03 
Bronx 2013200 3.17441e+03 3.57333e-01 8.33333e-01 7.40300e+03 
Bronx 2009000 3.73221e+02 2.14556e-01 2.00000e+00 3.47900e+03 
Bronx 2009000 2.29043e+02 1.79552e-01 2.72727e+00 3.47900e+03 
Bronx 2011000 0.00000e+00 1.52174e-01 1.52174e-01 0.00000e+00 
Bronx 2007100 1.52870e+02 1.99193e+00 3.84000e+01 2.94700e+03 
Bronx 2028900 3.55734e+02 1.39851e+00 1.77500e+01 4.51500e+03 
Bronx 2022000 1.08380e+02 9.66357e-01 1.44000e+01 1.61500e+03 
Bronx 2019400 2.16700e+03 0.00000e+00 0.00000e+00 2.16700e+03 
Bronx 2019400 2.16700e+03 0.00000e+00 0.00000e+00 2.16700e+03 
Bronx 2019400 2.49472e+02 2.73418e-01 2.37500e+00 2.16700e+03 
Bronx 2026400 4.47915e+02 9.22775e-01 1.33333e+01 6.47200e+03 
Bronx 2008300 4.88353e+02 3.64745e+00 4.32000e+01 5.78400e+03 
Bronx 2038301 2.62001e+02 3.07402e+00 6.50000e+01 5.54000e+03 
Bronx 2004100 2.66964e+02 2.61976e+00 5.72500e+01 5.83400e+03 
Bronx 2024100 3.86325e+02 3.55008e+00 6.45000e+01 7.01900e+03 
Bronx 2016500 5.51875e+01 1.43060e+00 2.83333e+01 1.09300e+03 
Bronx 2018102 4.80678e+02 5.38283e+00 5.70000e+01 5.09000e+03 
Bronx 2018101 2.28217e+02 3.50829e+00 5.90000e+01 3.83800e+03 
Bronx 2002500 7.00627e+02 6.10390e+00 4.85000e+01 5.56700e+03 
Bronx 2003900 4.20446e+02 2.98915e+00 5.32500e+01 7.49000e+03 
Bronx 2023900 3.64339e+02 2.48309e+00 5.97500e+01 8.76700e+03 
Bronx 2002701 2.60925e+02 4.13403e+00 4.30000e+01 2.71400e+03 
Bronx 2002702 3.72471e+02 2.84503e+00 3.33333e+01 4.36400e+03 
Bronx 2017701 1.93913e+02 2.29563e+00 5.10000e+01 4.30800e+03 
Bronx 2041300 5.00993e+02 1.58526e+00 3.10000e+01 9.79700e+03 
Bronx 2041900 2.84391e+02 1.58494e+00 3.00000e+01 5.38300e+03 
Bronx 2041500 4.02626e+02 2.21102e+00 3.33333e+01 6.07000e+03 
Bronx 2005600 9.35650e+01 1.46669e+00 2.90000e+01 1.85000e+03 
Bronx 2006200 5.05395e+02 2.24400e+00 2.95000e+01 6.64400e+03 
Bronx 2003700 4.97249e+01 7.74933e+00 3.60000e+01 2.31000e+02 
Bronx 2039902 4.01677e+02 3.84280e+00 5.50000e+01 5.74900e+03 
Bronx 2022701 3.04393e+02 3.90339e+00 5.45000e+01 4.25000e+03 
Bronx 2023301 2.05077e+02 3.00064e+00 6.10000e+01 4.16900e+03 
Bronx 2017901 2.65000e+02 3.76453e+00 6.60000e+01 4.64600e+03 
Bronx 2019700 5.70606e+02 4.89757e+00 6.30000e+01 7.34000e+03 
Bronx 2022902 1.95474e+02 2.33282e+00 4.35000e+01 3.64500e+03 
Bronx 2022401 8.28334e+01 6.05002e-01 1.75000e+01 2.39600e+03 
Bronx 2023000 1.66173e+02 1.21802e+00 2.10000e+01 2.86500e+03 
Bronx 2025500 4.43463e+02 1.34008e+00 2.60000e+01 8.60400e+03 
Bronx 2024900 0.00000e+00 6.42105e+00 2.03333e+01 0.00000e+00 
Bronx 2005300 5.66301e+02 1.19940e+00 1.30000e+01 6.13800e+03 
Bronx 2024700 8.21213e+01 5.58789e-01 1.35000e+01 1.98400e+03 
Bronx 2016100 3.82814e+02 2.18575e+00 2.84000e+01 4.97400e+03 
Bronx 2017702 1.86379e+02 1.68985e+00 4.66667e+01 5.14700e+03 
Bronx 2012701 1.05181e+02 2.20579e+00 4.75000e+01 2.26500e+03 
Bronx 2011900 5.93516e+02 3.82757e+00 3.95000e+01 6.12500e+03 
Bronx 2012102 9.62081e+01 2.48373e+00 3.40000e+01 1.31700e+03 
Bronx 2038700 3.81776e+02 5.67994e+00 5.43333e+01 3.65200e+03 
Bronx 2004300 4.18794e+02 4.85693e+00 5.75000e+01 4.95800e+03 
Bronx 2006500 6.42780e+02 4.75712e+00 4.18000e+01 5.64800e+03 
Bronx 2015500 1.84254e+02 1.54149e+00 2.55000e+01 3.04800e+03 
Bronx 2037400 2.83195e+02 1.62036e+00 2.20000e+01 3.84500e+03 
Bronx 2038000 4.05661e+02 1.56801e+00 1.94000e+01 5.01900e+03 
Bronx 2051600 1.00000e+00 0.00000e+00 0.00000e+00 1.00000e+00 
Bronx 2051600 1.00000e+00 0.00000e+00 0.00000e+00 1.00000e+00 
Bronx 2051600 1.00000e+00 0.00000e+00 0.00000e+00 1.00000e+00 
Bronx 2051600 1.00000e+00 8.00000e-01 8.00000e-01 1.00000e+00 
Bronx 2051600 1.00000e+00 1.14286e+00 1.14286e+00 1.00000e+00 
Bronx 2051600 1.00000e+00 1.71429e+00 1.71429e+00 1.00000e+00 
Bronx 2015700 4.06674e+02 2.28396e+00 3.04286e+01 5.41800e+03 
Bronx 2037300 4.56776e+02 3.31091e+00 5.06667e+01 6.99000e+03 
Bronx 2021302 4.31314e+02 3.26140e+00 4.03333e+01 5.33400e+03 
Bronx 2021900 3.47968e+01 2.50636e+00 5.57500e+01 7.74000e+02 
Bronx 2012901 4.17849e+02 4.87042e+00 5.96667e+01 5.11900e+03 
Bronx 2013100 4.03284e+02 4.82115e+00 6.26667e+01 5.24200e+03 
Bronx 2007900 1.31443e+03 9.25521e+00 4.95000e+01 7.03000e+03 
Bronx 2007700 8.45232e+01 2.19721e+00 5.55000e+01 2.13500e+03 
Bronx 2015300 3.56289e+02 3.12289e+00 3.35000e+01 3.82200e+03 
Bronx 2021601 2.32573e+02 1.54950e+00 3.13333e+01 4.70300e+03 
Bronx 2021602 3.31904e+02 1.49186e+00 2.93333e+01 6.52600e+03 
Bronx 2023600 7.99489e+01 1.12078e+00 1.80000e+01 1.28400e+03 
Bronx 2025000 1.49256e+02 1.02015e+00 1.73333e+01 2.53600e+03 
Bronx 2025200 1.20101e+02 7.52426e-01 1.57500e+01 2.51400e+03 
Bronx 2025100 3.85831e+02 2.66376e+00 4.50000e+01 6.51800e+03 
Bronx 2025300 2.76860e+02 1.87068e+00 4.20000e+01 6.21600e+03 
Bronx 2028500 2.90225e+02 6.44633e-01 8.57143e+00 3.85900e+03 
Bronx 2037000 3.49563e+02 1.13587e+00 8.00000e+00 2.46200e+03 
Bronx 2037200 1.73348e+02 1.57989e+00 1.97500e+01 2.16700e+03 
Bronx 2044400 1.74857e+03 2.02305e+00 5.71429e+00 4.93900e+03 
Bronx 2000100 6.13100e+03 0.00000e+00 0.00000e+00 6.13100e+03 
Bronx 2038500 3.71353e+02 4.41425e+00 5.72000e+01 4.81200e+03 
Bronx 2009600 2.67511e+02 1.21239e+00 1.31250e+01 2.89600e+03 
Bronx 2020200 1.55992e+02 1.38548e+00 2.20000e+01 2.47700e+03 
Bronx 2037100 2.79752e+02 3.68631e+00 5.42500e+01 4.11700e+03 
Bronx 2005902 2.58469e+02 2.87081e+00 3.00000e+01 2.70100e+03 
Bronx 2038302 3.33333e-01 1.83333e+01 5.50000e+01 1.00000e+00 
Bronx 2044200 9.70985e+02 1.41170e+00 6.40000e+00 4.40200e+03 
Bronx 2021001 4.67541e+02 1.16389e+00 1.87500e+01 7.53200e+03 
Bronx 2039500 3.68902e+02 3.51073e+00 3.98750e+01 4.19000e+03 
Bronx 2002300 5.85264e+02 4.37990e+00 3.20000e+01 4.27600e+03 
Bronx 2028800 2.58152e+02 8.32682e-01 1.01250e+01 3.13900e+03 
Bronx 2011800 4.32882e+03 7.93466e-01 1.15789e+00 6.31700e+03 
Bronx 2013800 1.32608e+03 1.11131e+00 2.76471e+00 3.29900e+03 
Bronx 2037600 9.33921e+01 1.02354e+00 2.25000e+01 2.05300e+03 
Bronx 2034000 3.44402e+02 1.49427e+00 2.70000e+01 6.22300e+03 
Bronx 2034200 9.00010e+01 9.68089e-01 1.55000e+01 1.44100e+03 
Bronx 2030200 5.65217e-01 6.08696e-01 1.07692e+00 1.00000e+00 
Bronx 2021301 1.38700e+03 0.00000e+00 0.00000e+00 1.38700e+03 
Bronx 2021502 2.26823e+02 1.50418e+00 4.40000e+01 6.63500e+03 
Bronx 2044902 2.48211e+02 3.78865e-01 3.50000e+00 2.29300e+03 
Bronx 2045102 2.51355e+02 4.33195e-01 4.25000e+00 2.46600e+03 
Bronx 2037800 1.94465e+02 1.33719e+00 2.10000e+01 3.05400e+03 
Bronx 2001900 1.00000e+00 0.00000e+00 0.00000e+00 1.00000e+00 
Bronx 2001900 1.00000e+00 0.00000e+00 0.00000e+00 1.00000e+00 
Bronx 2001900 7.44681e-01 1.24255e+01 1.66857e+01 1.00000e+00 
Bronx 2003100 3.57621e+02 4.66964e+00 2.96667e+01 2.27200e+03 
Bronx 2033202 1.99437e+02 1.27919e+00 2.20000e+01 3.43000e+03 
Bronx 2046201 3.19728e-01 3.60544e-01 1.12766e+00 1.00000e+00 
Bronx 2029500 2.73840e+02 4.10224e-01 6.50000e+00 4.33900e+03 
Bronx 2026900 2.70593e+02 9.68790e-01 1.45000e+01 4.05000e+03 
Bronx 2028300 1.24125e+02 9.57838e-01 1.78333e+01 2.31100e+03 
Bronx 2044901 2.35574e+02 2.19240e-01 2.00000e+00 2.14900e+03 
Bronx 2020400 1.68403e+02 1.08203e+00 2.20000e+01 3.42400e+03 
Bronx 2031000 4.55638e+02 1.74574e-01 1.66667e+00 4.35000e+03 
Bronx 2018301 2.25896e+02 1.86450e+00 4.15000e+01 5.02800e+03 
Bronx 2019500 5.48237e+02 3.47510e+00 4.78000e+01 7.54100e+03 
Bronx 2013300 3.12481e+02 2.47373e+00 5.00000e+01 6.31600e+03 
Bronx 2013500 1.87390e+02 3.00461e+00 5.53333e+01 3.45100e+03 
Bronx 2035600 1.79506e+02 2.66125e-01 3.10000e+00 2.09100e+03 
Bronx 2036000 3.34344e+02 6.79166e-01 7.00000e+00 3.44600e+03 
Bronx 2009300 3.92593e-01 4.19259e+00 1.06792e+01 1.00000e+00 
Bronx 2045600 1.28908e+03 1.45009e-01 4.21053e-01 3.74300e+03 
Bronx 2039000 1.82362e+02 1.20479e+00 2.20000e+01 3.33000e+03 
Bronx 2039200 1.04983e+02 1.27098e+00 2.00000e+01 1.65200e+03 
Bronx 2028100 3.20130e+02 1.88756e-01 2.00000e+00 3.39200e+03 
Bronx 2011502 4.23777e+02 2.55467e+00 2.45714e+01 4.07600e+03 
Bronx 2005100 1.01531e+03 4.47138e+00 2.73000e+01 6.19900e+03 
Bronx 2006300 7.09677e-01 1.37742e+01 1.94091e+01 1.00000e+00 
Bronx 2023501 1.26775e+02 2.52175e+00 6.60000e+01 3.31800e+03 
Bronx 2016000 8.63763e+02 4.68374e-01 2.09091e+00 3.85600e+03 
Bronx 2027401 1.11427e+03 6.30120e-01 2.92308e+00 5.16900e+03 
Bronx 2028600 3.26154e+01 3.63837e-01 8.40000e+00 7.53000e+02 
Bronx 2014900 3.99719e+02 3.74395e+00 4.45000e+01 4.75100e+03 
Bronx 2015100 3.08812e+02 2.54396e+00 4.46000e+01 5.41400e+03 
Bronx 2036300 1.13027e+03 5.63747e+00 3.25000e+01 6.51600e+03 
Bronx 2036501 2.38942e+02 2.57811e+00 4.55000e+01 4.21700e+03 
Bronx 2040900 2.77959e+02 9.42291e-01 1.14583e+01 3.38000e+03 
Bronx 2027700 3.90647e+02 1.95813e+00 1.80000e+01 3.59100e+03 
Bronx 2027900 5.78389e+02 5.58605e-01 8.57143e+00 8.87500e+03 
Bronx 2023502 2.24229e+02 3.03290e+00 5.90000e+01 4.36200e+03 
Bronx 2008500 3.77179e+02 3.66861e+00 4.80000e+01 4.93500e+03 
Bronx 2008700 4.24644e+02 3.84473e+00 5.80000e+01 6.40600e+03 
Bronx 2000200 3.84551e+02 6.32844e-01 6.44444e+00 3.91600e+03 
Bronx 2011700 6.11111e-01 1.68519e+00 2.75758e+00 1.00000e+00 
Bronx 2029600 2.28452e+02 3.84330e-01 3.42857e+00 2.03800e+03 
Bronx 2030701 9.44246e+02 1.60395e-01 1.00000e+00 5.88700e+03 
Bronx 2034500 8.24226e+02 1.33675e+00 5.66667e+00 3.49400e+03 
Bronx 2035100 4.66026e+02 4.25301e-01 3.46154e+00 3.79300e+03 
Bronx 2014100 6.03146e+02 3.32181e+00 3.50000e+01 6.35500e+03 
Bronx 2045101 2.04505e+02 9.78494e-01 7.00000e+00 1.46300e+03 
Bronx 2041800 3.10086e+02 1.53655e+00 1.66000e+01 3.35000e+03 
Bronx 2046202 6.25000e-01 1.50000e+00 2.40000e+00 1.00000e+00 
Bronx 2048400 4.84848e-01 1.06061e+00 2.18750e+00 1.00000e+00 
Bronx 2018900 5.16168e+02 1.25978e+00 1.96667e+01 8.05800e+03 
Bronx 2023702 9.06776e+01 3.98583e+00 6.40000e+01 1.45600e+03 
Bronx 2039901 3.66629e+02 3.33887e+00 4.65000e+01 5.10600e+03 
Bronx 2023703 6.35957e+02 7.19320e+00 6.16667e+01 5.45200e+03 
Bronx 2040100 3.97250e+02 3.59062e+00 4.66667e+01 5.16300e+03 
Bronx 2021700 3.58873e+02 3.40642e+00 4.83333e+01 5.09200e+03 
Bronx 2024300 2.87103e+02 2.30338e+00 4.50000e+01 5.60900e+03 
Bronx 2006100 2.02087e+02 1.91855e+00 3.82500e+01 4.02900e+03 
Bronx 2018302 2.03155e+02 2.46970e+00 4.25000e+01 3.49600e+03 
Bronx 2006900 5.30817e+02 2.99182e+00 3.72500e+01 6.60900e+03 
Bronx 2017300 8.11940e+02 5.00817e+00 4.06667e+01 6.59300e+03 
Bronx 2037504 2.29029e+02 3.14127e+00 4.88000e+01 3.55800e+03 
Bronx 2039100 4.82572e+02 3.92070e+00 6.00000e+01 7.38500e+03 
Bronx 2000400 5.72018e+02 3.64232e-01 3.70588e+00 5.82000e+03 
Bronx 2042600 9.03673e+02 5.42380e-01 4.44444e+00 7.40500e+03 
Bronx 2016700 1.69798e+02 1.03613e+00 2.45000e+01 4.01500e+03 
Bronx 2016900 8.47085e+01 1.70856e+00 3.80000e+01 1.88400e+03 
Bronx 2021200 2.58256e+02 1.24661e+00 2.40000e+01 4.97200e+03 
Bronx 2022200 2.36479e+02 2.12522e+00 2.75000e+01 3.06000e+03 
Bronx 2008900 2.58977e+02 4.48162e+00 5.15000e+01 2.97600e+03 
Bronx 2042901 1.23847e+02 1.48843e+00 3.15000e+01 2.62100e+03 
Bronx 2043100 5.00000e-01 9.16667e+00 1.83333e+01 1.00000e+00 
Bronx 2033700 5.32445e+02 1.10608e+00 5.72727e+00 2.75700e+03 
Bronx 2038900 2.83790e+02 2.65278e+00 4.60000e+01 4.92100e+03 
Bronx 2029301 1.87327e+02 0.00000e+00 0.00000e+00 1.74900e+03 
Bronx 2029302 2.79139e+02 1.48478e-01 3.10000e+00 5.82800e+03 
Bronx 2003300 2.17230e+02 2.57207e+00 3.50000e+01 2.95600e+03 
Bronx 2003500 3.38550e+02 3.03329e+00 3.43333e+01 3.83200e+03 
Bronx 2042500 4.30057e+02 1.68518e+00 2.65714e+01 6.78100e+03 
Bronx 2002800 2.08313e+02 6.15202e-01 1.51000e+01 5.11300e+03 
Bronx 2005200 1.59904e+02 2.75752e+00 2.83333e+01 1.64300e+03 
Bronx 2020000 3.97416e+02 1.02099e+00 1.34286e+01 5.22700e+03 
Bronx 2025600 1.33326e+02 1.22276e+00 1.35000e+01 1.47200e+03 
Bronx 2012300 3.01230e+02 2.14649e+00 3.46667e+01 4.86500e+03 
Bronx 2039700 6.93809e+02 6.38027e+00 3.18182e+01 3.46000e+03 
Bronx 2039300 6.01232e+02 3.29172e+00 4.34000e+01 7.92700e+03 
Bronx 2029700 2.96451e+02 2.38339e-01 3.40000e+00 4.22900e+03 
Bronx 2033500 2.76748e+02 3.72448e-01 2.85714e+00 2.12300e+03 
Bronx 2035000 1.15320e+02 4.99220e-01 1.00000e+01 2.31000e+03 
Bronx 2035800 1.11778e+03 1.18877e+00 9.64286e+00 9.06700e+03 
Bronx 2023800 9.46345e+01 7.55296e-01 1.84286e+01 2.30900e+03 
Bronx 2024000 2.79831e+02 1.32516e+00 2.14000e+01 4.51900e+03 
Bronx 2014701 6.22258e+02 6.15227e+00 4.90000e+01 4.95600e+03 
Bronx 2014702 4.73449e+02 3.52463e+00 4.30000e+01 5.77600e+03 
